34.8059
-36.1662
26.3764
-35.3923
-40.3403
19.2306
-40.9968
12.5832
22.0249
31.5594
-36.5336
-8.9382
56.1644
38.636
-34.1571
-35.7472
-37.2102
-19.0935
1.49428
62.4549
11.9729
12.1173
7.60962
3.1151
38.2703
52.8033
-18.7646
-30.1582
29.4943
-13.38
-38.4387
11.2038
1.05748
-25.6169
12.5956
13.1453
57.249
-1.71192
-27.4938
-11.5903
2.95317
68.9746
-6.39222
24.0684
-9.50316
-22.213
-45.0171
-32.9743
-7.53397
-1.03453
5.66199
9.33673
13.496
-9.22583
10.7788
1.41489
-19.2727
-11.5373
-17.6338
1.99959
-25.8793
-38.6065
-9.25286
21.3885
14.2005
-18.329
-2.92237
34.0192
-24.4571
48.7995
-10.2265
22.2524
1.26946
-9.597
13.2359
-4.78194
-8.30231
-6.55786
22.8267
30.1602
32.1373
37.2603
-45.7193
-26.4393
21.1057
54.6451
15.5342
23.735
-29.4776
45.3204
-31.8359
-43.9293
-6.66991
-90.7395
-37.8302
-42.4396
7.12057
16.0474
-13.4804
56.7252
52.0949
1.54987
-2.75242
24.4145
52.7626
-24.8401
-9.88784
5.77302
-0.24399
20.3555
-20.0665
13.7023
38.1619
-23.1135
3.02838
-22.709
-1.44051
-22.6941
67.1458
56.5014
-52.223
-37.7846
-28.5877
-29.2955
3.53218
6.26757
27.6643
-47.9281
12.9281
14.902
16.6992
16.6892
-2.05475
61.7989
31.9407
-7.89095
-0.538867
23.6208
63.1487
-22.9832
-16.4349
-3.65906
42.3304
-11.8484
-10.7438
-17.3356
-66.868
-47.4796
-32.7956
-7.47047
14.5525
-37.4534
-33.8904
31.2851
10.1563
-16.6456
41.6712
-18.909
-21.5702
21.9953
-13.7521
42.8332
62.2441
-13.492
-19.8513
-3.74309
8.70387
32.7949
19.8682
78.5889
21.2704
-3.1094
48.3695
54.8731
5.35697
24.3821
-1.27028
-15.4101
-2.47512
-58.4976
-5.43043
4.51229
59.2807
-8.56364
22.4933
-21.2891
38.6142
12.4907
32.9842
-7.72919
24.8598
-10.5233
8.50377
22.0048
23.3115
-21.0842
5.84418
-21.4013
31.2582
11.5372
-47.3206
-52.0589
3.25626
-5.83083
26.0383
-23.3608
55.8316
-29.9977
-15.2943
-38.8434
27.6649
-1.97884
-39.8863
-49.1686
10.2934
-52.8741
-19.7624
-53.1149
35.4981
24.7496
37.4859
26.9298
-29.1218
22.1564
25.6145
1.01455
20.9487
-7.46662
1.12678
-7.72089
4.27556
-17.2866
-58.8625
-20.4642
19.9901
-0.123895
-32.0442
-20.6677
-21.5554
-14.2533
26.1322
-1.43463
-31.1505
13.3129
6.25481
-18.1208
31.7699
23.4084
25.5986
12.0026
7.83382
8.70525
-46.5404
-11.0595
-6.72547
62.4871
-44.9292
68.1243
11.4459
-23.3291
1.4555
23.7038
17.6476
-75.913
16.7352
-6.94366
-17.866
49.1377
-33.44
1.11268
-28.3739
-23.9465
-3.51183
11.0152
-6.96739
-32.7244
32.956
5.31374
-9.32703
-30.312
-8.00845
-0.823349
-8.29171
52.003
-17.7665
36.6444
20.5935
3.94014
13.0762
3.68648
55.6203
-5.26963
-34.3493
57.0583
6.70201
-4.341
46.3883
-1.91127
-7.74719
6.87997
39.7086
47.6517
-20.6523
-13.815
-39.1903
5.38167
-3.68777
-41.2568
7.13997
44.1727
-17.2299
27.8207
13.2538
5.71073
-16.7562
18.1386
46.3729
5.7535
55.7898
-70.4713
-2.60023
8.69269
63.5443
-48.1871
26.3016
4.07923
55.0771
52.8705
6.35736
-14.4074
12.1111
-11.9719
-13.2932
-28.0817
28.8509
-9.52567
36.2945
2.16382
17.1293
30.9232
10.2412
26.7059
-8.99502
56.7067
17.8682
-26.2151
-34.9832
-11.5666
-26.0647
-2.20612
20.5636
12.3383
-12.3339
56.0808
-3.94436
-44.0541
-26.686
-5.68308
29.4299
-27.7681
34.5459
1.89715
-6.53533
-9.97114
-6.0008
-50.1532
-22.4213
13.5049
59.3787
37.5688
-6.95268
5.12112
3.40065
-24.26
48.3399
24.49
-49.4622
-24.2427
31.3629
-15.2413
-20.5535
-43.4865
23.7444
16.037
0.834257
4.57868
-5.90728
26.6268
8.37923
-34.3035
-22.3202
19.2657
-26.6168
-51.0221
-22.7655
36.1306
18.7045
28.1925
-12.2861
46.9713
50.4009
58.7533
-38.982
-22.3299
16.101
-59.6801
52.047
29.557
-41.79
10.3223
4.22925
-36.9193
-31.8876
9.8188
7.24142
26.2959
9.07187
7.29771
2.40323
-32.4291
28.3902
13.4137
1.79948
-6.70289
-5.97606
4.73899
52.5663
1.5139
-46.7672
-30.1277
11.6062
-0.329618
10.1086
5.84955
43.8934
15.6014
-14.2821
-29.7943
24.3512
49.8813
-26.9629
18.1904
13.6766
18.4423
-24.4439
27.6821
-2.92155
-35.3149
-18.3179
-14.1546
-6.29941
-32.4215
20.5945
-43.9316
-36.1903
-12.5997
25.0206
39.8161
-0.0869849
-1.35008
1.23942
11.7036
38.6431
-45.9006
-33.4475
-20.0766
-65.9977
-17.4881
75.4942
-72.8901
-26.5661
4.87807
19.9692
-0.112842
-13.9474
39.0101
38.9203
-7.94509
-1.73611
49.6639
-11.0734
43.6755
-2.07942
-57.2655
-11.9542
49.3904
15.6655
63.8362
-22.8325
14.5453
35.5349
23.4446
22.8453
-34.358
107.827
-30.7273
-20.8671
9.9184
20.5152
14.4435
21.63
35.8675
12.8993
-52.301
-40.9047
-35.3322
36.2179
46.0295
-3.81878
-20.9684
4.70882
-46.2795
0.232701
5.21768
31.1746
9.84066
-30.9912
-57.0525
13.4889
-18.3299
-23.808
30.9149
34.4895
9.47542
68.6907
-7.40378
7.44519
8.72861
44.6728
15.7473
2.61287
-27.6032
5.16679
66.8712
-9.17233
24.8381
13.9662
14.3369
36.1492
26.5813
-2.57824
-7.23372
59.3992
-3.75724
4.42112
51.9658
5.9883
-6.4418
2.49485
21.0583
-8.2474
40.0364
-8.70538
20.3562
-33.5204
21.3652
-23.9054
14.3624
-45.7497
0.835531
-6.13481
32.7747
4.65957
-46.4288
2.21418
60.932
-30.1155
-14.6944
43.3807
6.73999
4.77215
62.7011
12.666
10.4513
14.0441
52.1281
36.9373
-25.8892
-60.4889
12.1919
21.0702
-7.97364
47.0657
-5.77571
-25.6569
41.3763
5.29506
-24.3864
-35.146
-10.1642
-5.04249
54.7453
12.6085
-82.3728
-9.09442
41.4426
-56.371
-24.8096
-19.877
-22.1869
1.79289
-10.675
-4.1677
19.7541
15.4807
47.9976
29.7773
-20.5211
38.1989
-16.0499
6.14776
-0.119324
-15.1574
23.6251
17.4124
22.8078
1.17551
-22.2099
-27.3119
-10.6059
-53.2558
36.1665
13.0384
1.36235
31.7093
17.0055
42.1494
48.9109
-57.5938
-17.5554
-6.51744
-56.7624
-10.8176
-9.9939
-43.3479
-21.5687
18.3629
-26.9998
48.1807
26.4848
-38.2211
17.1638
-13.8769
22.2909
11.8289
32.0127
54.5861
-34.3619
25.0938
-3.38814
-40.0856
35.5975
29.1503
-36.611
-14.49
52.2634
-9.94948
-52.5483
27.694
7.2184
10.6459
-19.6458
-15.749
-25.453
0.666458
-35.3036
-15.9485
0.521015
11.9659
51.6194
9.98204
45.6442
37.1986
-47.6112
22.2379
36.453
1.60622
-19.687
25.5698
-2.71488
-19.3358
59.5568
35.19
9.20157
-40.3676
-35.9884
-24.9204
-30.4647
-2.96201
-74.4102
-28.4118
-4.56366
15.7642
28.5205
-6.65883
35.8392
-42.7973
-6.35027
24.8138
-13.7938
18.1088
8.59869
-41.5849
31.2692
-30.6676
-13.6685
-57.7163
43.5784
-9.40281
-56.7446
-4.7289
19.2221
21.8133
-25.199
-49.9236
33.4437
24.7479
25.4279
-0.106988
28.2704
29.1687
48.6791
-10.9268
55.5217
-7.21253
-24.0222
31.7573
-7.19977
11.5243
-38.9515
-28.0067
-7.22053
16.5166
16.8043
-14.9904
-26.2106
18.989
-5.17197
67.8089
6.35917
39.1749
6.27834
7.88181
13.8188
38.8068
-17.1237
-3.8841
17.0985
-14.9058
12.9183
28.1642
7.27161
27.3071
-30.643
24.1022
29.8999
40.8967
14.246
14.108
-37.2524
42.9716
-10.2979
-2.0866
79.662
-5.12834
1.28089
13.8477
51.7441
-12.4036
-45.4142
-13.0709
-3.33096
33.6962
-12.7781
58.6248
33.3901
-2.23787
24.6588
12.8725
-62.2726
-19.3396
-9.90049
12.5272
-5.59993
38.5524
39.9921
72.525
-14.4454
-13.4897
-29.0133
-50.9387
-2.79752
68.2925
24.6312
14.704
5.20569
50.5857
12.8562
19.445
-18.6139
-32.6373
-8.87631
-17.0529
5.89767
17.6508
15.628
-31.1487
-51.7703
13.6482
10.3841
-6.16722
-26.7484
67.07
-21.1371
1.48684
31.8819
-7.57261
26.3521
80.8138
-40.2999
64.9102
0.684967
-18.6981
21.0421
-2.25057
-21.2959
-63.4943
12.4178
-75.9362
20.4105
35.6091
-14.5938
8.54164
29.0337
-2.17702
12.6452
5.62628
14.7381
-33.351
-27.6377
30.4231
65.3698
30.1727
73.6901
-39.8797
21.6176
8.45188
-17.4245
-17.9532
-7.7455
36.287
-13.6938
68.4564
21.5634
-29.2211
-45.0861
-27.2667
19.1026
13.746
85.1744
-3.02624
29.8079
-19.8702
53.8429
15.0516
34.8961
43.0048
-18.6089
21.4387
51.112
-22.12
5.03097
-3.9154
-13.6376
10.2576
25.1083
39.5299
9.87941
22.5471
-52.7589
-74.6135
-47.2928
8.64116
48.9156
3.67012
-34.8613
59.9463
21.2959
12.882
49.0381
-55.5632
39.9724
35.894
-1.11191
54.3013
25.1106
21.371
-11.868
-61.2715
11.6809
-27.7551
31.1237
18.5376
-7.90822
-12.3162
21.9595
44.2066
-33.1338
20.7524
2.31959
-1.35889
-48.4927
-5.14774
-60.5866
28.4458
-25.3743
-30.9395
9.06033
31.5613
61.5864
-0.426212
-16.5492
-45.6695
45.4956
-60.2996
5.08098
16.1754
-33.1197
-7.95484
43.5129
-50.6838
34.9536
-63.9092
-6.29217
-24.2796
-27.1471
24.5562
10.3412
25.9824
13.0473
-28.6951
31.009
44.042
-35.9744
37.9163
-29.5853
-3.32817
54.1763
-5.1004
11.4832
37.355
13.9404
22.5378
-19.2737
-7.75508
-20.1152
8.92724
-23.196
-5.86215
-54.3745
30.7506
10.8407
6.94222
22.9829
4.89674
-57.0641
-30.7952
12.1551
-33.3922
53.3162
-13.3015
36.0664
6.63091
20.0562
-7.19168
32.7861
-9.7304
0.823025
52.0006
-21.4616
-18.0058
-49.4768
6.26331
34.1292
25.9042
55.2202
9.54266
-26.3419
-16.1768
1.87975
-33.3021
-19.3492
20.3814
-1.76597
-37.7537
38.7078
13.9114
17.2186
6.79409
55.0239
20.8859
-8.86891
-0.553349
-12.3036
-4.23119
2.71439
23.265
-30.0378
-1.31453
41.2007
-3.05474
77.6097
22.4668
1.04976
6.88621
17.3747
-5.78894
8.91821
11.082
1.31972
-21.2387
44.9872
-27.0073
16.2091
-1.03635
20.7505
-19.531
-84.8453
-52.3897
-7.87044
27.9243
24.736
54.4257
-39.451
8.67441
-55.3912
13.5976
17.6721
6.96393
-14.6027
54.0467
16.4531
27.9669
71.2717
-36.9222
-28.1471
46.683
-32.4537
-13.4351
-3.66811
-21.4493
-21.3566
-64.6974
10.4967
10.9244
23.3865
-40.8517
-30.9161
-2.05269
-79.4868
31.4884
-25.552
-17.1133
81.6357
-53.9593
-30.8268
-36.6962
-5.70332
22.1745
-1.23409
29.2371
6.19386
45.8528
-45.4985
22.2991
-19.8379
38.4134
20.4341
31.4875
7.93525
24.7362
-2.98194
2.93539
2.08229
-4.61831
1.34734
-43.7542
26.0416
-50.7236
24.6105
-1.0866
13.2782
56.0051
18.5365
10.904
7.22119
-63.9653
-1.06227
10.123
-7.89959
-2.90953
-28.0173
1.48335
-39.2525
-30.6133
21.6912
22.1042
45.8553
-33.4208
41.9184
-16.2995
-44.0962
-35.0699
-27.7129
-60.9985
4.31444
22.3961
-37.9564
-4.93358
11.865
-47.4641
10.0413
-55.1038
-26.1539
3.55807
-0.679519
-57.3202
-35.8432
49.3859
-26.0588
-13.8957
22.7706
-78.548
-29.0531
-8.2779
-43.7133
27.129
38.1072
-23.8606
26.1277
-63.3864
31.0861
-0.614696
47.7
-19.5435
-1.65492
41.4755
-11.0949
36.1026
9.5801
-35.8378
24.6883
-43.6829
32.2197
-3.7641
5.91318
-38.8879
-34.6025
-27.7927
-6.98547
11.3411
-26.5978
-1.99059
-12.6776
-44.4519
4.08248
37.874
-9.65496
-21.1508
-20.9639
27.9342
-38.5703
-8.54931
42.5286
13.4888
27.8267
75.7825
4.61701
16.8434
21.9928
-15.673
6.32395
52.356
63.501
-45.4066
-7.36935
18.7185
-35.5847
24.0258
12.8646
7.14195
37.6228
42.8439
29.8321
34.0159
55.8439
-6.14756
-5.07858
11.6271
5.59505
-1.44745
-35.9327
10.7708
-29.5498
45.8331
19.1917
8.48483
-17.4988
37.0353
-34.3546
83.8305
27.6782
22.1813
13.1948
-1.52906
18.4512
56.3024
11.0419
-7.87282
-4.87954
21.083
22.8002
19.9401
15.9681
24.2564
27.6209
5.69976
-15.1807
-51.1248
-15.8689
65.7998
-7.29747
39.7778
-2.71075
5.76772
19.9957
9.06675
-9.55273
-2.84009
-83.6087
2.89388
-33.661
15.1399
20.4601
22.5405
-22.9019
18.2903
31.4806
-11.4906
15.4062
17.5315
2.40393
0.469038
-72.4651
-6.65613
-35.1616
-8.53752
-12.7013
-15.9804
3.29629
-9.46022
-40.8798
48.4041
36.6205
-30.5829
-0.175532
-33.1963
-7.96197
3.91182
-91.5637
7.74998
-52.8891
0.785328
-11.879
-34.1912
-68.2315
6.99843
-76.4191
-6.19373
51.5987
-14.2933
42.8259
67.1728
-45.9211
42.1082
-27.0642
14.7827
-25.0536
-45.3884
19.2949
37.133
33.5017
24.1831
62.5804
-21.9458
14.1359
-30.4437
13.8825
60.7452
5.3757
38.5415
7.77605
-30.5884
-6.41362
52.9293
-106.504
-27.5805
56.2833
-1.75841
15.6544
38.9658
20.9697
-8.87644
-8.58496
-20.8646
-14.817
12.9663
4.53777
-12.2955
-14.9674
-33.8666
-33.8905
-1.63147
7.07566
-1.56543
-1.00976
-54.7702
-15.5583
12.7295
5.73549
-31.0411
50.046
-25.5714
3.96796
-5.27848
40.96
-5.30242
-8.23005
-13.4511
25.437
31.1087
12.0798
-22.0979
-18.3162
41.4974
43.1057
22.6146
2.60017
-40.8043
-20.9446
-12.8841
23.1321
50.4133
-39.4407
-2.54182
31.4152
40.0172
7.74018
-7.3641
11.5315
8.74231
-20.9758
3.28018
-30.1988
40.3716
8.4255
-26.0973
-26.5825
3.71963
61.7039
-11.6548
49.2922
16.4019
32.0265
15.3159
33.8825
-5.62501
-14.9082
15.5367
-9.58042
15.3444
-4.38014
15.1452
61.2309
-10.8176
-26.4418
-4.86381
-23.0801
-12.7932
-11.0088
25.2669
-7.33517
6.17557
14.9816
35.4038
6.03924
-47.1121
20.0801
-7.78562
25.5092
17.3812
30.2166
-19.4444
4.44333
12.0413
-45.5193
38.7481
68.1793
27.6642
44.1731
-36.7576
-28.0651
46.8246
-29.585
49.9299
23.4227
-30.9661
-24.5366
10.2774
-41.6477
30.1034
-10.8376
30.8298
3.63039
-48.142
0.837764
3.97253
-21.49
-0.759625
-38.182
-13.9066
-52.7048
0.843943
-3.11957
20.6567
-12.3879
-30.6881
-19.978
36.8229
-24.3178
-35.0058
-7.69473
5.93409
21.1563
-26.3606
-39.4221
2.68845
-4.30894
-24.7009
-16.506
-9.15751
-18.749
-37.8976
4.99453
-34.9225
48.3939
28.0629
10.8898
41.7788
-29.4979
-1.48221
63.0173
13.6226
21.4652
5.6234
31.123
5.96637
-64.7989
41.6024
61.9583
-5.54355
5.22904
4.60524
-25.334
-34.3569
10.2359
-6.75417
-55.0794
55.7331
-35.574
22.6981
36.4187
-24.7776
-37.5085
3.43733
7.56011
1.25779
-17.6593
7.81337
3.5384
2.30135
28.275
-49.7042
1.15481
12.8063
-20.1847
14.2516
-19.7435
19.5119
-34.1673
21.9277
-19.4152
-10.2329
-35.285
-21.6231
4.3126
76.9059
28.0944
-43.2384
-16.3606
-3.75458
-27.9532
35.2423
-5.35333
1.15497
28.18
-45.0707
33.7012
2.22444
27.749
-32.9263
2.21066
-41.5233
-27.0714
69.2886
-3.68481
44.5762
8.49699
-1.78244
75.6752
32.138
-44.1261
23.9348
-38.6856
-19.6331
56.2273
31.5399
-15.0134
26.7036
30.6775
-1.10684
-25.1359
-22.2742
-15.4692
-16.5795
25.1617
-2.72615
-21.3692
26.9456
17.8393
-14.9868
-0.418807
0.561698
17.7459
-8.70972
4.89242
-38.0258
-9.27342
-66.3182
3.32519
3.81774
43.8504
-53.5037
49.1267
-61.5129
18.4714
18.4611
-58.6114
2.14868
-5.32839
45.6462
-10.3503
45.1695
-12.394
53.5312
-21.3792
-2.44787
18.9333
37.2472
39.1092
24.2807
-22.5293
35.5385
-32.0705
-21.8087
23.3844
35.8816
19.3593
-78.4456
30.659
36.8405
11.448
-39.7162
36.0907
7.03558
44.1169
7.8713
-91.0431
-54.8308
14.9715
-42.5083
64.2511
-12.7162
-23.2827
-10.7758
-0.0336872
9.42863
-5.77339
-17.677
-28.2855
44.8221
-49.7487
-44.2419
-27.932
48.3416
-16.6617
-22.1808
8.40043
23.9403
-8.73731
1.95387
-6.46132
-19.8892
-42.3878
-25.5595
35.8503
53.6146
100.071
18.2501
9.30078
-66.1568
-35.7327
-8.519
54.2704
-23.4243
-37.1127
-2.45141
51.0917
10.012
-5.69311
0.815997
21.1924
27.5518
-14.7129
8.45615
-32.6058
-60.2055
0.360901
-29.9071
35.8951
32.1451
41.793
-29.473
-47.7181
21.2038
2.43371
-28.1529
18.566
38.241
-10.9153
-2.16965
-18.4438
-13.2713
-42.3967
28.1606
23.0073
37.7614
12.1103
15.296
21.9718
-16.5262
-2.61184
-7.96221
-42.4144
-25.8663
-25.9734
-6.42023
11.7157
10.0613
-8.60083
27.2244
14.2869
-16.4731
36.1888
-49.049
14.6374
9.53469
-4.3348
-25.7236
51.1981
-34.9894
18.7363
-36.0706
11.8454
-55.5376
31.4205
-35.1666
-9.63341
-44.6779
-43.9174
9.36548
-18.829
56.9552
-19.135
-29.6597
-45.2625
18.0913
0.800792
-8.72134
24.8943
-20.4032
-13.2349
-30.5676
-35.5183
-9.29529
-20.7753
-40.0174
-24.8847
16.9372
20.7649
87.344
21.535
27.1557
-17.7555
10.6607
34.3045
-5.95171
-42.621
-24.0776
-19.1927
1.20187
28.3665
35.5512
37.7126
-31.0496
9.79796
-41.5373
-14.2506
-20.0408
-23.0248
-52.4973
58.394
19.6619
74.5424
57.8664
13.4953
33.0066
18.744
11.6638
11.9788
20.9795
-6.28134
28.019
2.19832
-8.83063
-26.3924
16.3895
-37.7741
-27.6638
5.5397
20.8601
20.285
-30.9682
-10.7171
-8.64536
-1.47312
-24.7363
18.4601
-40.3441
1.25152
-46.0575
1.53549
15.8679
-58.8969
-70.1368
-5.23568
-1.23171
6.65235
36.8206
9.13365
32.7179
6.25669
16.2639
-18.3736
-73.735
-76.1325
79.3442
25.8002
22.168
46.1165
14.3951
55.4051
-26.5579
64.4508
29.5098
61.3538
-26.3119
-12.0665
-31.3717
-41.9799
-21.114
31.9114
44.9819
-26.2719
-21.2067
62.8875
-34.8204
-4.52328
21.2858
9.846
3.15747
-28.1699
-21.8921
20.4564
6.86703
-3.80223
-24.6711
-24.8996
50.915
20.8192
21.5191
-20.1938
28.0469
16.3823
-3.42257
-17.4922
-8.7065
-1.40742
30.3658
17.6279
4.85088
62.87
-4.33168
34.8327
76.2626
-17.8318
-22.7185
-86.3865
24.5619
-6.84935
-32.7847
-12.5516
8.0967
-40.4325
-51.8969
34.6121
-14.2051
-1.6148
-1.28021
-9.05654
6.7696
65.4595
-19.5452
-13.2045
40.5534
36.3251
-15.466
9.02876
47.515
26.2704
-14.6803
-3.32493
-27.8407
49.6326
-13.2499
78.3469
2.46586
29.3152
33.9062
-2.35682
2.07379
16.5222
-10.7097
2.94778
-14.0482
38.126
-16.562
-16.4759
-23.9284
12.2837
28.8294
-30.1388
46.2503
-42.7755
10.8061
-10.3058
-28.3496
-57.1516
28.3583
5.14026
1.2121
-21.6466
-31.3543
12.5067
-65.9878
4.54914
-16.0658
1.11299
56.7668
-28.6813
15.7869
-22.6446
7.48748
-41.3637
7.17016
-10.5078
-26.9885
-33.6862
-9.80592
0.379094
-50.3403
5.70831
21.0842
-20.2397
3.42229
9.20078
-17.6046
32.9824
-81.562
-33.4065
-82.403
-9.13755
-14.6891
44.6568
-41.347
5.6685
-18.1073
-10.6892
-15.4852
3.48067
-7.00855
-16.8814
16.5684
27.087
-23.6549
-37.0785
44.8491
24.1692
-69.5296
28.0199
81.9802
-8.11079
31.5925
8.98997
37.2187
-14.0224
-18.9997
-9.43453
30.0276
-18.5149
-3.81989
31.5775
1.65592
-2.26593
-22.9487
-12.3898
28.8977
9.5594
-32.3956
-33.3441
14.4897
-14.0837
32.4675
-21.9585
-26.5704
65.2378
62.8711
11.0776
-5.83338
17.5459
10.1199
-27.0251
2.21638
4.55797
30.5058
-0.294914
14.0485
-17.8206
46.6186
8.21711
9.1838
-23.7848
25.5561
-39.4156
9.40138
56.7453
14.3854
15.3681
-38.5681
23.0276
-39.5467
24.2516
-11.6784
-8.3833
-31.7153
-33.0502
-30.5843
-28.8787
37.8477
9.97408
-35.7016
-34.7909
-21.0275
-21.9921
-19.1767
-17.5413
23.5689
21.7869
-11.6041
-7.73254
-45.5114
11.4378
0.743979
-69.0971
-26.2737
11.2001
25.8477
-15.3919
-62.3671
-10.798
-21.9462
-31.6905
-60.1419
-15.8587
12.1018
12.371
-17.4513
40.6149
16.0347
20.2033
34.1144
-16.431
18.8991
33.0149
30.6948
-25.5486
-21.0386
52.3965
-27.1679
33.2839
-84.0415
26.2665
-2.31889
16.4413
-27.7375
-2.70988
9.12254
-41.4387
-20.0067
70.3817
-28.9207
12.7113
-12.5644
42.4463
-2.60968
-14.0952
15.3846
26.995
-1.66615
-15.9
12.1023
0.190694
-68.2073
9.84811
-10.2881
-32.1044
-85.5288
8.41077
36.8325
-20.6574
17.3838
-28.1954
4.20075
-21.4775
5.46965
-7.94694
-2.58295
33.9776
-38.7774
-21.3612
-20.7635
-5.02126
-0.784111
-13.2394
4.36999
-16.5441
34.1677
-31.6705
21.7783
-14.8483
19.7012
-12.9921
29.6161
14.2452
47.4302
-0.735937
20.7136
-2.86033
-30.3541
16.1647
4.05593
88.3278
-15.7404
4.62984
36.4147
-48.1914
33.9768
-13.2803
3.29228
5.94561
-18.3493
-40.8678
48.0426
28.4452
3.24351
6.20754
-24.6781
38.1178
-4.46391
14.4085
14.5509
42.4174
16.0853
19.652
8.34293
24.6302
-10.5074
54.1313
-0.385474
-15.8197
3.26761
59.0278
62.4584
-21.7005
41.1714
-7.71781
60.3141
34.2917
-10.6219
-13.9269
27.6204
1.63897
-41.8058
33.8333
-12.6087
-14.8107
-85.7784
36.4596
-11.9961
55.427
-7.68985
30.9877
26.6497
63.3676
-47.7998
-25.4173
13.3972
51.716
-5.03628
-32.7966
30.9405
-14.5365
-14.7643
9.84631
-10.6568
-57.5214
54.0649
-62.2315
-79.8566
49.8041
-10.6667
-25.5236
46.4481
12.2097
-13.5864
-55.8901
2.34047
-22.3779
-19.41
13.5058
21.4458
18.1571
-3.72603
21.8418
-37.36
30.2372
-11.1848
-2.88453
-12.0314
76.2406
-37.8992
-58.7852
15.5675
-15.9182
-3.19988
5.30756
-2.21403
-1.15071
10.77
7.25743
22.8057
-14.5417
-4.18079
33.1531
-6.05137
-0.878219
32.5404
48.2565
21.0688
40.0997
29.4207
13.4109
11.3621
-24.0194
26.9689
-12.8959
-8.62652
-11.6006
-9.71048
-4.96566
-1.82298
46.8028
-35.6127
-17.889
-22.8085
29.6993
-28.9076
54.5094
-13.1817
-3.84997
0.55854
-5.52481
-15.5153
6.76534
-8.33153
39.2321
-10.7238
-45.2225
24.6697
47.755
-0.548812
-45.4028
14.1398
6.99525
25.806
28.8596
-17.1886
-22.9655
11.1952
-18.6662
30.0745
43.4416
17.7744
8.93961
32.3228
-57.8247
-21.1931
10.0976
34.1345
-2.38656
-12.1296
30.284
24.5224
15.3487
4.0276
-18.5715
-32.1318
32.3362
6.38349
17.1847
43.7746
-9.62769
50.6807
-32.7575
-21.9793
-55.4713
-40.1448
1.38856
-36.3868
-55.0756
28.0466
-2.63977
6.01312
54.6542
69.6068
25.607
-55.7154
30.6853
-69.3848
-22.5323
-12.9297
2.44111
32.849
-27.7772
-25.1752
-19.0571
-12.5052
64.2753
-6.73235
-18.8404
-2.60781
5.10347
10.7519
11.5827
56.0058
-28.4542
-2.53625
10.9396
3.44711
-3.63022
27.8641
50.0461
5.68798
11.5755
-34.272
-23.633
20.2186
-23.7637
50.5252
42.6804
33.7908
-21.9237
16.7145
-32.2344
42.9723
6.1316
-16.9621
8.27726
-11.7123
-22.4971
-47.4578
-2.10157
-11.6338
25.0512
-56.4057
-13.5343
-19.5497
-5.07219
-10.9605
18.423
-33.5883
46.4436
-35.6875
25.2783
50.1246
-22.9193
-36.7775
48.6348
-64.1756
24.9826
-29.381
-2.27517
-40.5328
-10.5104
-44.4832
-35.4213
-23.967
-62.2589
12.8505
-6.75093
-32.2499
55.571
-8.05576
26.3311
23.8473
63.9388
-10.9731
40.0464
26.6592
4.70297
-69.5696
57.2527
-11.4632
-25.7736
5.79031
-9.45329
-10.0217
-52.2521
-20.669
4.43886
-4.12932
-84.7038
-26.8777
-7.08289
45.9022
-11.9681
-14.3833
-2.57073
-23.8842
11.3675
46.3577
-39.1962
-10.0742
19.1441
-7.61736
-13.2847
52.3994
-48.6557
-58.7412
-82.6225
28.1204
-38.1195
29.0995
-12.0021
6.72011
25.7892
-15.2368
33.2474
-27.3698
-33.9088
-14.2477
-1.70342
2.19561
-12.2593
0.109219
66.1157
-69.2347
34.5733
13.5851
-10.2542
18.0414
18.3287
-32.2077
28.8858
2.32932
-59.9215
0.500733
24.8037
6.92364
13.227
-5.18065
0.976787
-3.12727
25.38
-24.4223
23.5264
13.3989
6.19193
-45.1582
17.208
-4.89432
-22.1414
42.0457
10.8827
40.4638
-44.9235
-7.02854
-49.1974
61.0885
-50.3833
21.4809
-7.65495
10.3107
23.5101
-32.0732
-9.38654
-35.9321
-4.83251
-28.9527
-6.14824
-25.9551
76.8239
-7.73492
24.2009
-18.6537
59.0671
34.5213
-40.2973
-28.9238
42.9152
-6.57431
19.9748
-28.5163
15.5718
34.0008
27.087
-16.6729
14.6786
30.0716
-10.6155
-21.3926
59.6301
51.1551
1.27706
-17.3652
-37.9463
-6.80393
-10.2561
-19.6413
1.32824
28.6986
12.5241
40.2625
12.3897
39.3697
-59.359
0.98099
-57.2879
-77.0192
40.9821
4.80725
-43.8778
-16.1819
16.3064
-13.0206
22.0757
54.1519
-33.8761
8.28713
24.3182
-36.562
24.2468
-48.9246
75.3856
-28.9172
-10.9633
-1.69689
-23.5713
33.0485
-0.341327
50.0436
25.0997
1.76782
35.4654
5.66151
-34.2744
4.15692
-0.857635
-26.7629
-47.4994
6.26303
-18.5804
-10.5165
-16.1089
17.2513
31.0272
22.7611
-37.5708
-29.767
-31.0324
-11.6236
-11.7231
-39.9976
-30.8269
-43.4429
-15.4794
-16.4128
-45.1213
-38.0248
-23.7088
1.6286
-1.76891
-34.9737
-8.47869
41.5519
7.79808
-54.8288
-50.5761
-33.8097
-11.0695
50.7444
-83.6661
-32.9518
1.57704
-43.2765
3.99075
17.6561
16.2943
6.20468
3.29263
2.95169
-49.4752
29.3513
-27.6146
-22.4027
-3.71922
-49.9266
7.21497
8.05643
14.8388
-33.6615
-6.10839
-5.04079
-1.8968
51.7597
-13.7418
13.6826
33.7657
-28.3766
-22.3191
52.5304
-17.6655
18.6188
-9.67866
-43.5293
4.66962
13.9457
-36.7361
46.9475
-16.5659
23.7049
-47.4077
8.09482
-22.0798
20.7604
-6.67962
-1.41729
14.2432
40.5868
41.8306
-19.3822
-19.7908
-17.5509
-15.5415
2.39192
-19.6364
-3.27679
-0.107332
-65.7812
-22.3471
-40.7343
37.9135
-14.4163
28.8457
-28.0701
-27.0285
-20.8127
21.1491
39.1017
-1.62159
-20.2289
-41.769
-50.4115
-41.6085
21.556
52.9497
14.4904
79.512
-19.4701
-53.1641
51.3455
-8.86503
-16.5376
11.7581
32.6006
0.297953
-25.1126
-46.5143
-25.7972
19.0478
59.0843
-11.8036
-41.2941
-14.3858
-41.2525
7.91478
-42.3169
-29.3101
31.2827
19.7028
-53.379
3.23833
-4.90166
15.3619
-9.6549
-4.1073
40.8331
-44.8143
-48.8694
-30.8295
-27.4833
-15.1894
-2.70078
21.9205
-6.37991
-18.2478
-8.65496
7.59704
2.56943
36.8843
-78.5448
-7.38898
-43.9915
20.4819
32.5913
3.65556
20.9661
-22.0704
12.8229
7.62983
-26.0702
-46.2561
5.65123
32.4171
-12.8048
-15.4346
28.7982
35.8954
12.8934
50.1296
37.6402
16.6106
-7.02615
-27.8989
45.2238
-18.8933
11.0438
-27.3045
0.158048
-4.91573
-54.0459
-5.57297
-17.3315
-14.9478
16.0456
-4.38184
-117.27
-6.20808
38.6294
-0.0390495
23.0017
-16.8683
-17.2758
-5.94522
-9.22164
-20.3538
72.9598
-48.8728
-4.1041
-42.6345
8.23127
-31.9541
20.7819
-6.14801
-23.3488
-30.0384
37.0674
42.0476
3.57546
8.90695
-7.1402
-67.0486
-15.0625
-12.7083
33.4522
56.1361
11.9811
52.7664
-12.6573
-33.1939
28.3314
-35.0707
-20.468
-9.0233
10.657
-68.7124
-6.32732
31.2014
-32.1917
-69.3586
-13.656
8.49183
45.5557
-23.2599
28.8559
30.7483
-3.77757
5.64738
43.8884
-48.0115
34.1179
-8.16033
12.0026
9.43081
11.2534
-77.4512
5.51451
-40.5517
14.9269
-3.12219
-72.7468
33.8223
-47.8156
44.7966
-5.85331
-5.79664
-4.72127
-45.4404
-5.17081
-37.5105
-73.2409
10.2307
37.1018
4.00632
-17.4982
-6.25156
-30.3896
43.085
-13.9998
2.86715
47.2579
-25.2721
-12.0479
-43.4885
5.48856
-14.1047
36.6747
-50.4002
26.0877
-7.38925
-24.8306
25.7333
-17.9748
20.9755
3.49017
-45.0628
34.1377
-60.959
-19.3123
12.9751
14.121
-50.2511
-15.7097
-1.18042
9.49577
-29.9515
2.07072
14.3491
31.1065
65.3968
38.2366
-32.437
11.128
-12.1853
16.6393
-22.5525
18.0437
21.7993
36.4574
16.044
-37.3947
-18.4493
5.61887
-65.058
-4.29699
17.9484
-31.2744
-34.9648
-4.4285
-58.6049
15.1748
10.7646
22.0277
42.254
-17.7009
-17.3905
-7.99596
-5.01377
-6.74013
8.28473
-22.6041
1.53642
-48.3431
-2.28421
-0.618978
16.8766
-25.6694
46.2061
10.5494
-67.7085
68.4717
-5.70565
24.317
-22.9247
-30.5264
-1.0697
3.03964
34.1663
-21.4822
-3.43406
22.9579
7.15461
-1.43266
-0.941318
-11.7238
-40.2142
-15.6673
-3.26001
-0.0565227
19.9963
37.5459
45.6547
-10.85
-19.6848
-31.0187
-15.5355
12.0417
-83.7737
32.4476
-1.79108
7.28813
-34.9895
29.8274
7.8116
71.8207
-30.3765
-36.3539
16.3899
22.7357
44.2588
33.9836
-52.113
8.79861
28.4199
-4.82281
41.2698
-33.8722
-34.1958
-22.5372
-48.1785
25.213
-59.09
-3.01153
-55.0076
9.11462
19.546
52.6601
24.1781
-26.7468
28.2545
33.7997
-0.471527
9.85794
-7.25241
43.7151
-20.7004
23.1261
-60.7203
17.6835
-19.5067
-50.1504
42.8588
-10.6347
21.1156
27.9553
-10.259
41.3496
5.17278
4.11857
-26.9276
-5.32245
-41.0988
-52.2074
-20.1428
-0.269968
-12.8854
4.81839
-21.0073
5.13933
75.7017
12.7438
-22.4028
-10.0139
-21.5691
49.9327
-57.4336
-15.7863
-13.5941
14.4344
76.701
-19.2184
9.9033
-3.97234
2.27317
11.6648
13.4417
19.2807
47.3159
-29.9815
21.1418
-11.0095
-36.9815
-92.1502
1.21055
-22.3866
40.4191
-13.9169
-41.478
-18.0276
-15.578
15.137
-9.01714
-70.839
-51.3014
-42.9619
-3.02194
25.8753
-16.8058
4.11387
11.5724
-27.9353
4.3915
-45.4973
-9.46111
5.7362
-4.04153
-8.98859
14.8204
-3.62108
49.7546
32.5305
57.5923
-6.72603
-39.1152
-17.4838
25.6018
8.52693
-40.7661
-65.7575
13.9443
6.24509
16.379
3.60765
43.9473
50.0136
10.7339
22.3995
-25.0488
-17.9773
-6.49624
-35.7668
-51.7472
-33.9284
-12.8324
4.2597
-7.26939
-23.7859
-36.8428
53.9981
2.60825
-34.2335
16.9868
22.2767
-11.7548
-1.97599
9.86259
1.42765
3.20042
23.5337
-33.8953
-15.6962
3.22211
14.5754
-67.5823
24.7133
-1.4029
55.0799
-44.3755
-47.0888
45.0734
8.75589
0.957121
-4.30837
-75.6244
-32.6434
27.1811
9.21048
-38.2109
-7.70636
-41.0673
-45.5187
37.6441
51.2643
18.0926
-18.4481
4.1227
39.3733
-7.50496
45.2049
-67.9469
9.79069
1.57894
-5.67856
36.7169
-20.0667
-13.2226
26.9502
11.6163
-6.29488
40.7671
31.1645
22.5831
-32.8119
-3.72218
-0.346881
48.4771
-8.42075
-41.8818
-28.3737
6.08088
-45.2601
-22.2536
-33.456
4.44488
59.3262
41.6803
16.3388
-4.34735
-0.112765
26.7762
9.13303
25.4067
-1.23142
41.6479
-26.387
-57.0741
-66.787
-25.0271
-6.20341
-20.5534
-26.1175
-24.5192
-13.5946
-1.06923
3.12435
-30.9092
-17.8406
-15.453
-10.3914
46.1994
-22.8261
10.3947
4.18865
27.7552
-52.7897
6.36893
33.4738
-4.51175
-0.917565
-7.21312
-24.8442
16.7151
-26.3724
-9.94155
-10.3339
52.7532
-17.8285
-75.3825
44.9759
-27.3641
24.8037
-16.5958
15.1935
50.9458
-31.0296
7.36486
2.23972
-68.0223
81.7995
-10.4794
4.30734
5.56222
-9.11135
2.15669
-0.646114
47.576
-29.7906
-3.20532
6.20018
-41.7206
-45.9502
-5.32608
36.1887
-23.607
3.6321
16.7159
3.98792
50.127
10.1907
-9.18991
3.62146
-6.99664
22.1067
-9.40191
-30.8277
12.0898
-8.56305
1.03731
-51.1976
-4.20283
-24.7538
8.38507
37.6338
-35.6173
15.5998
49.3245
27.1627
-23.3901
61.5508
-14.8749
5.32143
38.1174
12.1049
80.3769
-24.7458
11.7697
36.6594
5.30302
-72.0538
-25.0917
26.7321
-24.8417
-10.6351
-12.6911
22.6789
-5.96793
24.0556
-21.2949
65.5108
-54.0274
-47.6892
35.4807
72.2755
12.7738
-8.59987
12.2446
-25.8709
-15.132
9.24359
-19.8369
39.8776
-24.8765
22.8525
-22.5613
16.6945
63.8572
-10.8156
27.3106
34.6187
-3.2922
-14.2124
-122.301
-35.1079
2.409
19.3477
-25.6587
-60.5269
37.2362
-39.5587
-7.94817
17.0204
-13.9104
-3.31141
-20.4828
10.9423
36.7038
-2.41095
-29.7465
-51.6097
30.0757
21.7369
-2.38632
44.574
7.82563
19.8041
-53.0497
11.365
-2.58907
46.174
10.5815
-57.3438
-13.8003
-21.0269
-14.2692
-10.2974
5.58207
22.5457
29.9257
-1.67527
-14.1174
33.5498
13.0676
-68.6147
-8.25088
-8.08357
-54.7951
-7.21109
-15.8146
22.6866
-10.6203
2.6883
1.03954
-16.6155
30.5183
40.223
-20.6881
40.4076
35.6467
-58.6388
-11.6101
1.85729
35.1477
13.2776
-17.0606
7.45705
18.0579
-16.341
-68.3843
-96.864
23.3502
25.9771
17.3331
37.1155
-19.1143
-21.2795
-29.2007
44.6385
-8.74478
-1.37703
28.647
14.3766
-38.085
64.9856
-25.3876
46.9567
-14.0835
-17.9444
1.09523
-52.5347
-1.92214
-11.8989
-24.7934
44.7644
7.53094
-17.9928
-5.56763
-4.92424
-3.93163
29.2438
-34.4397
-13.8484
-19.5601
41.1257
-35.0924
43.3178
49.2555
-38.3573
23.6336
-42.7486
-37.119
-8.7157
-13.8341
-48.6132
20.2993
-49.9355
28.0135
-16.4445
-70.2859
-2.09471
21.513
27.9621
-46.4557
28.5806
7.80067
21.4177
39.1969
-9.16848
27.6539
57.6175
20.2276
-1.32379
-7.67298
-17.7697
-37.2023
2.70152
-23.5365
4.50265
6.41992
-2.92131
-48.9671
4.18822
0.624388
-5.7973
-7.42256
9.72414
17.7609
6.35555
54.7649
-13.7832
-0.733862
-23.1621
-50.2252
6.5419
24.5592
-8.30479
13.9441
-26.6823
-35.5076
-5.03863
-27.6853
-63.1312
18.2314
41.6589
9.7388
-89.396
-13.6726
-69.9862
17.7089
4.2519
-8.07228
-10.2421
-2.32417
-21.5121
-35.9456
-20.4404
23.0264
0.409557
5.26277
-89.1949
-51.7476
26.0545
-35.1848
-56.9553
-8.44536
9.5551
63.9223
10.0863
7.10448
46.3102
14.4054
61.3286
46.0663
9.28156
12.099
-2.62717
-1.47265
13.0427
22.513
-4.59075
30.1179
39.3306
-16.7108
21.2391
13.0249
13.7561
-4.8036
38.2339
-11.5044
-48.2541
56.2837
27.1829
-23.6646
41.1303
36.6145
-44.1664
8.81857
-56.2116
-43.6164
16.0063
-36.3645
-42.4889
-38.1397
-10.1476
-5.01763
0.838385
2.14915
28.8893
30.729
12.9377
12.1707
8.15196
15.8298
10.089
6.88023
-31.217
36.4767
-10.7968
-21.3336
-10.7069
-17.4261
-15.431
-12.6503
-7.82916
6.69435
19.0299
18.7644
-10.4689
-37.6832
-26.0501
-41.3932
9.29994
4.91418
33.9134
-21.8187
2.55958
-14.7464
24.2766
27.3014
-20.6517
-4.468
-29.9537
-17.5443
-14.1456
-31.6394
-86.3945
-25.7485
8.82033
69.3806
-48.1659
-65.3494
-77.5739
8.05078
-35.3297
-3.69517
-23.9452
-45.9695
-24.0141
21.5027
-45.1064
2.21112
-30.6751
-10.743
8.02236
36.4796
22.7523
-29.6007
-21.2025
-31.6948
6.22788
5.42428
21.5257
-11.134
-0.161745
-15.5965
-36.0002
16.048
21.3515
3.26601
8.84582
11.3485
-0.558142
0.274194
-21.6282
28.9405
25.6118
28.3758
-15.1164
-32.2944
-23.4273
-7.70562
7.45616
-38.814
-79.2987
66.8303
45.8877
29.0714
-49.1498
-3.66011
-36.8533
20.1062
-8.07699
-21.3679
-20.2954
-10.6061
-55.1701
12.6405
40.5158
7.92893
-23.5751
21.1083
50.3949
-36.7158
-16.5588
-23.2271
-5.62195
-44.1431
50.9904
20.7251
52.4074
4.72662
60.3225
19.9491
38.3127
-40.3741
21.7786
-17.4054
-68.8215
-60.167
-4.56051
-4.78752
69.8972
10.1085
-18.8999
-16.1342
25.5725
-52.3848
-5.29853
4.84487
3.2464
18.8512
-19.4467
-19.8809
-9.70634
36.7302
46.2755
-11.4386
16.7182
66.2959
18.5055
-64.398
58.0041
34.6756
-34.3655
-49.4127
-22.5026
31.8821
-14.3806
59.5196
-21.7402
-23.3931
11.0129
0.37248
21.7919
13.7365
52.1
15.8168
-18.5652
29.1507
70.4169
-67.4439
20.1376
-22.2806
31.1803
4.45011
-2.33413
10.2509
42.1051
14.0623
13.4994
22.1213
27.4026
25.2233
-1.66946
55.4911
-18.9823
38.923
1.08588
17.4546
67.4596
34.0029
-60.2672
-8.61233
61.1617
13.4043
45.8771
-33.9991
-68.0629
36.9838
13.5665
-24.3746
-26.6219
20.1828
36.5447
39.4544
12.1721
-0.00891309
-23.0387
-45.7834
-6.07926
-14.5613
-13.8531
38.0329
69.714
35.9827
-34.962
30.3638
-37.6415
7.61119
3.66578
-22.155
2.00508
15.3684
20.0605
-34.2708
55.9484
-0.836623
23.3242
-53.2583
1.9931
-39.1274
5.05152
-1.94106
-60.1324
-25.1641
19.8438
-3.75271
-1.73828
9.00826
26.1936
12.2856
15.9476
-15.2347
32.2405
45.1674
-19.1536
22.9387
6.20204
-18.207
6.36935
-2.07163
-3.53929
44.5315
-10.8025
-0.599956
-1.44195
-28.9006
3.48066
1.88604
74.5001
32.3895
-3.26121
2.18581
-29.3039
-38.9547
-8.83893
5.43195
14.8018
-31.8444
25.8763
34.4855
-34.9224
-7.25352
34.5592
84.3711
18.2064
21.8837
23.0786
0.68916
48.2865
-45.7333
-18.0614
22.9199
44.679
10.2812
1.24194
-50.0709
-9.29822
40.9314
-6.60387
-15.47
5.4763
-27.0339
-8.33869
24.6256
19.5659
-4.30577
-11.515
-9.03279
-73.7498
36.3116
12.1184
53.5721
-19.3618
5.95058
-7.30814
9.46189
36.1043
-8.80403
67.216
-21.0206
5.4981
15.0598
13.0492
31.802
28.9212
75.4222
-13.478
-3.92383
29.0208
-21.3148
5.30752
29.1581
-29.8821
-45.8183
-24.7275
-14.279
-13.2727
11.4118
6.23287
4.00266
-21.5773
-27.7402
12.9238
10.54
51.6103
91.3017
3.82155
13.2505
23.5646
0.844506
-1.17367
-9.45511
-3.35792
15.8332
-18.2526
-41.8073
20.451
23.7341
18.4752
-8.76558
-40.2074
-12.6127
62.8864
11.5928
21.4098
15.7801
35.7708
-17.0907
10.3168
10.7433
8.27898
-39.72
5.30078
-40.0704
-55.7155
37.7714
-62.8435
58.5211
28.8061
-5.48137
11.46
-19.5964
35.9958
-6.91101
39.0067
3.99413
-17.6613
-23.8647
5.12107
-2.31746
-25.4091
28.017
-21.2177
38.9126
22.9836
-1.15671
-24.7301
1.41026
2.49072
26.7899
21.0248
-35.149
-7.18002
14.4731
12.5961
-5.42775
-17.7395
36.6194
18.3125
-47.0307
-47.0919
-29.8849
-22.5445
14.3631
-35.1906
-13.6567
17.3573
-16.8919
-5.09548
-61.558
38.8185
14.7009
20.2604
-81.256
3.66936
1.91467
1.40755
-53.6387
6.49619
9.22918
11.5059
-69.6618
-5.26036
-41.243
29.8015
41.7127
-12.0718
1.34071
44.4216
-30.837
37.7526
54.6993
2.13866
42.0411
40.1047
-17.2001
-47.5485
-21.8886
10.8417
103.759
-11.6088
-24.2974
11.5388
-4.86037
-47.1238
-50.7698
16.6128
-8.88684
24.0093
25.7463
37.2537
15.1512
-29.6907
5.92366
-5.39546
-34.6173
-2.94633
52.0878
-36.1643
64.1154
42.0875
1.18211
19.8824
-65.3356
-34.3181
17.6634
25.015
-69.2901
-6.03693
-13.4924
27.4978
-73.836
21.011
-49.3104
20.6857
20.5849
-23.321
1.75105
6.88682
4.9195
2.35312
12.8232
88.4407
4.89384
7.65097
19.1626
-17.1121
12.3246
55.4672
-26.9642
4.15859
-37.8442
11.0894
-18.3805
-30.9605
-1.70789
-28.0023
-20.6786
-36.5122
-16.3142
-39.4416
-8.45119
-36.0953
0.761315
-29.357
-69.1211
-23.8456
-22.8274
48.1932
39.9807
1.20754
30.153
4.28576
-73.0459
21.3147
-28.3571
-22.5986
-2.86651
-16.0061
-9.76642
-25.3112
-20.2564
11.9288
12.4461
9.15511
8.1737
-1.73181
-17.1606
15.8404
10.069
35.5476
21.7347
37.9226
24.658
16.896
30.9315
-2.84747
21.3081
-9.45625
-15.4847
8.77617
54.8657
-20.2827
-15.2428
-46.51
41.4323
-29.4933
35.3133
3.53323
-40.5577
39.2074
-43.033
-7.69779
-9.302
-1.04507
20.6268
14.0089
-16.3557
64.5761
-59.2088
-12.4445
37.6567
-9.84441
-18.9169
-34.2939
22.6542
9.27528
34.1278
-35.7728
11.1727
-1.79937
-16.5314
4.66223
-24.4547
-9.35289
49.2379
-6.73105
12.074
-78.0801
18.1085
38.9252
-17.0925
30.3942
14.2525
-6.92631
90.6958
13.7308
45.8809
10.6829
-22.1602
33.7778
-11.2543
34.4055
-25.6821
-5.45005
19.6275
1.21651
44.8131
-21.9787
-50.4946
78.5361
-5.48853
39.6929
34.413
-20.9834
-25.6838
-48.1637
-32.1749
-13.5582
-22.1876
5.54304
-48.2511
17.3593
-35.875
2.75406
-24.5613
-10.9815
-73.5344
26.1465
-3.75154
13.1582
-7.8957
-34.8574
38.7418
-7.80144
16.2761
0.336329
52.4064
-20.5629
-3.3446
15.6841
59.3597
-96.9012
-54.3055
-47.7885
-50.3319
-10.0684
39.4683
46.6746
28.016
50.1528
-0.39283
32.6597
-9.6133
-4.64115
1.05073
-26.6819
24.1123
9.09385
43.0097
33.6364
-24.5894
40.0314
6.60707
-32.0181
-58.7475
16.0569
-37.0522
-72.6284
-6.1853
51.1139
51.6251
34.6536
-5.00268
-0.98759
33.2907
7.60124
36.0132
-24.5235
21.1812
8.15152
7.33537
23.991
2.73114
24.5853
-38.7918
30.1956
13.3976
-63.4862
36.9572
-14.5794
9.7638
3.56589
10.6037
3.80008
6.99273
39.8579
21.0517
-3.9672
-3.84613
8.96778
27.4508
-37.3139
-17.5834
-59.2708
6.29009
32.3893
13.1026
38.5113
-26.4329
17.3589
15.8573
-21.8928
35.0896
-24.0125
30.9827
-28.8198
-28.5778
-0.225821
-4.27603
36.9451
-42.6909
-29.2789
85.8035
-18.6958
82.4445
-46.6919
-21.8454
-35.0506
-48.8966
-58.3603
-6.77579
-7.05284
5.8569
79.654
-28.9776
-27.1507
-32.9545
6.44344
29.3556
30.1742
-18.5908
8.77433
19.845
5.27723
-17.534
28.9426
-10.9355
7.81232
-25.2401
27.5755
-37.353
17.3874
-10.6588
49.84
-32.1839
-3.98976
-14.1203
2.45867
36.7551
-6.45101
-59.1058
-12.4592
11.4773
-19.8339
20.1678
24.5473
38.5758
8.27163
-16.8078
-35.7082
36.2298
30.9277
-28.8137
15.8566
-51.6505
-28.0884
45.3645
-12.804
16.5342
49.2786
-22.4165
74.3175
-70.022
26.4093
-44.977
30.9885
47.7215
16.808
-48.98
8.3117
-31.4541
-15.8969
-19.4621
8.22318
-38.8905
0.728445
-8.13671
47.8761
39.3648
34.7816
21.1284
16.1286
-43.763
-48.216
37.8063
-19.8586
-7.84902
5.46989
-6.89972
39.9293
-38.2518
-33.7629
24.7608
-16.2549
-42.6757
40.6957
-54.3919
-6.29421
-45.9839
5.63529
47.908
-16.1977
-5.26607
-24.9828
9.27818
79.4007
23.5888
-32.8274
28.914
-15.4386
12.848
26.5423
-24.0467
26.0129
-49.0646
28.5533
-41.6126
-3.67461
-63.7719
37.7865
-21.432
-36.0341
16.7013
-0.0843533
11.8226
15.3624
34.9213
-21.6573
9.18012
-18.9283
9.43707
63.2509
-1.87142
-12.9468
-3.09964
-41.3881
44.5691
2.04604
-25.0677
-18.0347
36.1029
32.0405
69.8031
40.7731
-8.42436
-41.349
-90.8418
34.9911
16.2643
38.5287
47.3197
11.4738
-7.72445
39.9439
17.4278
4.19032
-0.92814
38.9305
61.1055
44.6884
-16.1973
21.8437
15.1479
-1.85095
-16.406
1.66823
30.7158
-52.9109
4.36557
14.3763
-2.59101
44.4644
23.2311
-32.0773
-3.12913
-49.4746
11.5309
-5.72093
-8.57642
-1.2911
13.8739
12.9028
-10.9373
-1.70873
62.6512
11.4256
-52.041
-25.0495
-1.34748
65.1144
-18.8578
37.9442
-15.1663
-41.7841
-3.22769
0.175103
-0.736274
22.2094
7.22647
-4.5284
30.8589
-32.261
25.9532
9.38034
26.3111
14.3844
10.1574
-4.12799
-23.0064
24.7019
-41.7953
-19.986
-35.8799
-40.999
-13.0637
-23.4183
-5.83735
-0.570501
-11.3482
46.0536
12.0749
12.8412
14.034
-30.3862
-23.2835
-21.334
-15.6386
-35.9464
-57.481
34.1787
-37.5014
5.74679
-16.7445
12.3066
-41.0583
-21.8582
-40.1729
-18.517
-48.519
-22.5273
9.95388
-1.36422
55.4396
21.5032
-38.416
5.50888
16.2874
0.979091
-19.044
48.6472
-3.47166
-19.5069
-7.82439
-11.891
5.95904
-24.7992
-2.21894
-6.42761
-8.32124
8.09591
-43.3913
-7.51929
30.8541
-37.0708
-35.9649
28.3
8.28777
-24.3929
3.68091
-9.59519
-14.0869
0.327031
10.6588
12.3902
-21.4455
-21.8395
-35.585
-26.9862
-0.24328
41.0685
11.4807
51.5466
32.5133
12.5625
37.0187
5.02022
9.80321
12.3391
-15.939
-1.66458
55.5241
12.1792
-56.4046
-10.8815
53.4723
-70.8123
-38.2619
-29.9303
-22.6149
23.2748
6.74219
23.4353
-7.81219
-19.75
44.0867
22.3996
52.8493
4.37087
-81.4709
23.7852
-35.2219
7.9406
-40.0647
27.2302
16.5179
-5.72965
9.14279
30.0982
19.6982
25.3488
10.7116
45.266
14.7278
-35.9349
-24.7254
28.3397
-1.81388
-27.5323
20.8505
29.0803
-15.0432
-38.4098
29.1169
45.0315
-1.29523
14.3086
34.5274
-18.0828
-17.1398
-4.42445
73.4706
57.8999
-19.7181
-58.8221
-8.75841
26.0826
-5.31434
29.7402
-56.1282
-29.5359
9.61233
-28.5374
-9.72763
13.1246
-20.7638
-48.3843
11.5018
-29.9004
-37.4832
20.3488
-21.3931
-10.3932
-6.07567
-45.6343
39.0595
8.94765
-10.4631
-8.07176
-0.577846
-12.7963
-32.2012
-23.005
-16.964
-29.8795
28.5452
-35.6973
6.26979
20.0475
49.993
25.5541
24.9232
-39.1321
-9.25436
18.4001
2.20993
17.3369
24.0441
87.2702
-17.465
-11.5497
17.9651
-59.6424
5.87663
63.3955
16.5732
42.6554
-51.8855
-0.627308
-30.9515
-4.01705
-26.9902
22.9166
0.973856
54.4763
29.7961
39.3215
-3.35074
-48.0434
10.8587
-6.85151
-82.389
30.9853
-44.2575
33.2088
11.8945
71.414
-36.7502
63.3103
10.3563
11.0667
-6.59764
16.8961
-12.9104
24.6024
25.7856
-7.86589
-7.96836
51.084
-14.5732
-30.3306
-10.082
-12.3988
-36.258
27.604
-25.2101
-6.58809
9.88533
-21.0298
0.933359
3.79921
21.0973
4.07249
-18.3589
-22.8556
-9.19203
-57.3998
7.65265
31.5212
71.2323
-25.4016
60.772
72.0084
-26.0204
-17.4395
14.5184
-22.6167
-61.6136
-17.784
-4.11278
-2.51099
15.3005
-4.51841
22.1398
-7.50329
7.02106
50.443
86.6453
77.5298
-36.831
47.0866
43.1466
-19.3637
-8.00322
-39.25
3.80384
-7.31788
86.6912
-51.3782
32.431
22.6093
13.3324
2.86344
0.330821
-24.1553
12.7551
11.7299
56.536
5.39667
-6.05263
41.6426
11.6913
-5.792
-5.027
13.6565
30.0288
31.5702
-5.17141
24.0013
-23.9681
1.7242
-32.1034
-47.2503
-55.1732
23.6836
-26.0141
63.2904
28.5973
-14.9948
-6.31257
-5.89702
-21.4837
-12.9521
-9.93092
36.8963
30.3965
-20.1027
-43.1943
-24.5249
20.4919
-23.1733
4.09926
-66.5894
1.47035
28.204
44.7341
-0.930604
26.7232
32.6408
-65.958
26.625
-47.9907
-27.7905
37.2969
19.3786
19.4488
54.6871
48.7191
-28.056
15.6868
-12.4617
37.8475
-19.4174
21.0109
-8.11173
2.47075
15.4731
6.14645
83.4879
5.66592
-15.5083
27.0155
-18.3477
7.27896
-11.9417
-49.4606
43.3308
-33.4588
-3.6274
42.5752
-46.3039
-56.8763
7.33752
-71.9963
3.8326
9.56485
-47.7415
51.7003
8.8007
-2.59223
-7.56022
-4.48869
57.1159
-17.7928
13.8439
-90.7351
-74.9032
13.6989
12.7569
24.16
4.26665
-23.6602
31.6886
-3.99858
31.0508
-31.7384
-15.3061
21.0436
0.629625
-8.48319
-87.1068
23.1638
56.6652
18.3218
-22.6749
0.896949
-10.2828
-10.7884
9.43879
59.3615
-13.1334
39.9236
-57.6515
34.9575
-20.6481
-15.868
15.5858
-71.7735
-11.7196
13.3436
52.2117
2.07653
75.0932
-6.22145
-42.3321
35.3546
-5.56504
28.0775
2.68521
23.4736
-4.58471
14.7694
-47.6401
-21.609
37.6526
-11.4206
-13.1446
-16.4116
24.9085
20.6271
-20.7777
-35.9213
-49.035
-17.1841
63.6094
-35.7136
-27.4633
31.6421
16.988
11.4804
-17.7311
-55.5185
33.2119
-3.61175
-58.0038
-37.5352
8.05301
-1.49368
-39.9031
20.1385
-12.1896
-10.3422
-24.088
-4.67372
-7.19785
-34.6221
2.46474
1.62259
-47.3863
46.9314
-16.7931
7.11794
-15.7229
-9.6561
-16.8491
60.3497
-23.7579
31.035
-20.3963
-10.4024
-5.10852
-6.19895
-6.84152
29.8411
7.27946
-32.0241
25.5894
-5.86116
-47.7405
5.23303
6.42051
29.3936
-6.48242
27.0899
-14.4493
-8.83454
36.8698
3.75061
-61.1505
39.1256
5.08385
34.2068
21.5627
-27.0172
34.9282
5.26118
43.3891
0.899277
13.9939
-53.0458
5.92975
-23.4594
20.6159
-6.01176
11.2975
25.9194
25.3963
1.35696
10.06
-27.6536
12.555
53.8812
11.4321
57.5988
10.3489
-35.8933
-70.2537
-59.891
-35.5176
-26.818
-34.4038
-40.9489
-22.0899
-10.4114
47.3461
15.6303
-45.8692
27.6518
10.5849
4.03217
-39.1249
-29.4442
12.9432
-21.554
44.4789
-4.05019
-32.2822
-28.483
-12.2585
-56.0974
61.3661
-85.1948
-3.63966
-12.9084
-6.4429
-15.7259
-17.083
50.2076
-36.5115
33.2274
3.50056
-28.5292
18.3312
-31.2111
34.2158
16.5529
-61.2368
-7.0887
-21.3015
13.6094
21.1006
-8.47919
24.9615
56.7763
-2.85202
-20.8104
-13.8764
25.8904
44.0777
13.5629
-2.89365
53.985
24.0259
-20.2956
-12.7526
9.21771
31.1507
8.89293
-14.3515
-47.7857
46.5072
1.01622
36.2694
-29.4093
-14.4465
6.90417
0.842522
22.4842
35.803
-6.14408
5.30451
-117.655
15.3665
-3.31024
-18.2842
6.75176
-49.2032
-13.3719
12.7687
24.1709
31.8117
7.91571
-52.1387
-5.10281
38.6775
-13.5736
9.70612
-10.6737
42.5129
39.2976
43.5922
3.99285
-60.5584
31.7753
66.8217
2.02696
12.2063
-16.5123
-73.4258
9.626
59.1123
7.14976
13.5943
30.2325
-14.2308
-57.7537
0.978908
-29.7806
1.8402
-45.9945
